31072
31077
31079
31087
31096
31109
31144
31147
31200
31239
31272
31278
31309
30007
30067
30094
30105
30109
30126
30169
30188
30194
30220
30282
30289
30490
30555
30679
30918
30374
30475
30480
30485
30491
30493
30497
30499
30501
30503
30504
30506
30516
30522
30523
30559
30575
30577
30578
30580
30597
30616
30626
30638
30644
30647
30690
30693
30702
30703
30737
30749
30773
30782
30794
30795
30815
30822
30826
30831
30834
30840
30845
30862
30883
30891
30923
30936
30975
30978
30983
30989
31026
31028
31042
31044
31045
31059
31064
31065
31066
31070
90438
90440
90444
90451
90457
90458
90225
90229
90233
90234
90236
90239
90248
90250
90251
90253
90269
90277
90281
90285
90294
90295
90299
90303
90310
90311
90314
90315
90321
90324
90325
90307
90329
90336
90337
90344
90348
90358
90365
90375
90379
90394
90396
90397
90413
90426
150738
150741
150743
150749
150772
150525
150526
150527
150528
150529
150530
150531
150532
150533
150534
150535
150536
150537
150538
150539
150540
150541
150542
150543
150544
150546
150547
150548
150549
150550
150551
150553
150554
150555
150556
150557
150558
150559
150560
150561
150562
150563
150564
150565
150567
150568
150569
150570
150571
150573
150574
150583
150588
150594
150595
150596
150597
150599
150603
150607
150626
150627
150545
150566
150635
150637
150642
150643
150644
150648
150654
150685
150686
150711
150716
150725
120210
120211
120212
120213
120214
120215
120216
120217
120218
120219
120220
120221
120222
120223
120224
120225
120226
120227
120228
120229
120230
120231
120232
120233
120234
120235
120236
120237
120238
120239
120240
120241
90974
90975
90976
90977
90978
90979
90980
90981
120000
120001
120002
120003
120004
120005
120006
120007
120008
120009
120010
120011
120012
120013
120014
120015
120016
120017
120018
120019
120021
120022
120023
120024
120025
120026
120027
120028
120029
120030
120031
120032
120033
120034
120035
120036
120037
120038
120039
120040
120042
120043
120044
120045
120046
120047
120048
120049
120050
120051
120052
120053
120054
120055
120056
120057
120058
120059
120060
120061
120063
120064
120065
120066
120067
120068
120069
120070
120071
120072
120073
120074
120075
120076
120077
120078
120079
120080
120081
120082
120084
120086
120087
120088
120089
120090
120091
120092
120093
120094
120095
120096
120097
120098
120099
120100
120101
120102
120103
120020
120041
120062
120083
120104
120125
120146
120167
120188
120209
120105
120106
120107
120108
120109
120110
120111
120112
120113
120114
120115
120116
120117
120118
120119
120120
120121
120122
120123
120124
120126
120127
120128
120129
120130
120131
120132
120133
120134
120135
120136
120137
120138
120139
120140
120141
120142
120143
120144
120145
120147
120148
120149
120150
120151
120152
120153
120154
120155
120156
120157
120158
120159
120160
120161
120162
120163
120164
120165
120166
120168
120169
120170
120171
120172
120173
120174
120175
120176
120177
120178
120179
120180
120181
120182
120183
120184
120185
120186
120187
120189
120190
120191
120192
120193
120194
120195
120196
120197
120198
120199
120200
120201
120202
120203
120204
120205
120206
120207
120208
150485
150486
150487
150488
150489
150490
150491
150492
150493
150494
150495
150497
150498
150501
150502
150504
150505
150506
150507
150508
150509
150510
150511
150514
150515
150516
150517
150518
150519
150520
150522
150523
150524
150275
150284
150288
150289
150290
150292
150294
150297
150306
150308
150313
150317
150321
150325
150328
150339
150340
150344
150348
150353
150357
150362
150367
150369
150370
150371
150376
150378
150380
150382
150385
150386
150387
150388
150391
150392
150393
150395
150397
150398
150399
150295
150337
150358
150379
150400
150421
150463
150484
150401
150403
150404
150405
150406
150407
150408
150409
150410
150411
150412
150413
150415
150416
150417
150418
150419
150420
150423
150424
150425
150426
150427
150428
150429
150430
150431
150432
150433
150434
150435
150436
150437
150438
150439
150440
150441
150443
150444
150445
150447
150448
150449
150450
150451
150452
150453
150454
150455
150456
150459
150460
150461
150462
150464
150465
150466
150467
150468
150469
150470
150471
150472
150473
150474
150475
150477
150479
150480
150481
150482
150483
150244
150246
150251
150255
150258
150260
150265
150273
150033
150047
150051
150065
150067
150072
150095
150100
150106
150107
150111
150114
150121
150123
150213
150130
150135
150138
150140
150141
150156
150157
150162
150166
150168
150170
150185
150193
150200
150212
150221
150225
150227
150230
120702
120703
120704
120705
120706
120707
120708
120709
120710
120711
120712
120713
120714
120715
120716
120492
120493
120494
120495
120496
120497
120498
120499
120500
120501
120502
120503
120504
120505
120506
120507
120508
120509
120510
120511
120513
120514
120515
120516
120517
120518
120519
120520
120521
120522
120523
120524
120525
120526
120527
120528
120529
120530
120531
120532
120534
120535
120536
120537
120538
120539
120540
120541
120542
120543
120544
120545
120546
120547
120548
120549
120550
120551
120552
120553
120555
120556
120557
120558
120559
120560
120561
120562
120563
120564
120565
120566
120567
120568
120569
120570
120571
120572
120573
120574
120576
120577
120578
120579
120580
120581
120582
120583
120584
120585
120586
120587
120588
120589
120590
120591
120592
120593
120594
120595
120597
120598
120599
120600
120601
120602
120603
120604
120605
120606
120607
120608
120609
120610
120611
120612
120613
120614
120615
120616
120512
120533
120554
120575
120596
120617
120638
120659
120680
120701
120618
120619
120620
120621
120622
120623
120624
120625
120626
120627
120628
120629
120630
120631
120632
120633
120634
120635
120636
120637
120639
120640
120641
120642
120643
120644
120645
120646
120647
120648
120649
120650
120651
120652
120653
120654
120655
120656
120657
120658
120660
120661
120662
120663
120664
120665
120666
120667
120668
120669
120670
120671
120672
120673
120674
120675
120676
120677
120678
120679
120681
120682
120683
120684
120685
120686
120687
120688
120689
120690
120691
120692
120693
120694
120695
120696
120697
120698
120699
120700
120452
120453
120454
120455
120456
120457
120458
120459
120460
120461
120462
120463
120464
120465
120466
120467
120468
120469
120470
120471
120472
120473
120474
120475
120476
120477
120478
120479
120480
120481
120482
120483
120484
120485
120486
120487
120488
120489
120490
120491
120242
120243
120244
120245
120246
120247
120248
120249
120250
120251
120252
120253
120254
120255
120256
120257
120258
120259
120260
120261
120263
120264
120265
120266
120267
120268
120269
120270
120271
120272
120273
120274
120275
120276
120277
120278
120279
120280
120281
120282
120284
120285
120286
120287
120288
120289
120290
120291
120292
120293
120294
120295
120296
120297
120298
120299
120300
120301
120302
120303
120305
120306
120307
120308
120309
120310
120311
120312
120313
120314
120315
120316
120317
120318
120319
120320
120321
120322
120323
120324
120326
120327
120328
120329
120330
120331
120332
120333
120334
120335
120336
120337
120338
120339
120340
120341
120342
120343
120344
120345
120262
120283
120304
120325
120346
120367
120388
120409
120430
120451
120347
120348
120349
120350
120351
120352
120353
120354
120355
120356
120357
120358
120359
120360
120361
120362
120363
120364
120365
120366
120368
120369
120370
120371
120372
120373
120374
120375
120376
120377
120378
120379
120380
120381
120382
120383
120384
120385
120386
120387
120389
120390
120391
120392
120393
120394
120395
120396
120397
120398
120399
120400
120401
120402
120403
120404
120405
120406
120407
120408
120410
120411
120412
120413
120414
120415
120416
120417
120418
120419
120420
120421
120422
120423
120424
120425
120426
120427
120428
120429
120431
120432
120433
120434
120435
120436
120437
120438
120439
120440
120441
120442
120443
120444
120445
120446
120447
120448
120449
120450
160216
160220
160230
160234
160240
160241
160000
160001
160002
160003
160004
160005
160006
160007
160008
160009
160010
160011
160012
160013
160014
160015
160016
160017
160026
160027
160032
160033
160038
160042
160048
160051
160058
160087
160093
160099
160106
160111
160121
160124
160209
160128
160130
160132
160133
160134
160135
160136
160137
160138
160139
160157
160185
160194
160197
160202
160206
60007
60011
60012
60014
60015
60020
60022
60037
31366
31399
31400
31403
31469
31471
31478
31482
31483
31491
31492
31497
31503
31504
31508
31519
31521
31522
31539
31540
31740
31803
31542
31544
31547
31555
31587
31590
31592
31596
31620
31627
31638
31644
31645
31715
31739
31741
31742
31755
31772
31773
31778
31780
31785
31787
31788
31789
31794
31796
31799
31801
31804
31808
31809
31810
31811
31813
31815
31818
31827
31833
31840
31841
60260
60262
60264
60280
60042
60054
60057
60058
60070
60072
60088
60096
60105
60111
60144
60153
60155
60157
60124
60229
60172
60188
60189
60190
60191
60192
60193
60195
60196
60197
60198
60216
60241
60505
60510
60515
60516
60522
60523
60296
60300
60308
60309
60314
60315
60317
60328
60331
60345
60347
60349
60357
60363
60366
60368
60373
60383
60415
60333
60396
60480
60420
60423
60425
60429
60449
60457
60469
60482
60491
60492
60500
60758
60766
60779
60543
60564
60593
60598
60606
60607
60612
60616
60617
60625
60628
60631
60635
60672
60676
60681
60685
60700
60704
60708
60711
60713
60723
60742
60750
61010
61015
61024
60823
60833
60834
60861
60863
60876
60877
60888
60908
60911
60915
60942
60923
60924
60928
60930
60952
60985
61001
61002
90184
90191
90198
90199
90209
90212
90214
90215
90222
90223
61071
90017
90027
90030
90033
90035
90041
90042
90044
90053
90087
90089
90162
90105
90119
90142
90160
90179
90934
90935
90936
90937
90938
90939
90940
90941
90942
90943
90944
90945
90946
90947
90948
90949
90950
90951
90952
90953
90954
90955
90956
90957
90958
90959
90960
90961
90962
90963
90964
90965
90966
90967
90968
90969
90970
90971
90972
90973
90724
90725
90726
90727
90728
90729
90730
90731
90732
90733
90734
90735
90736
90737
90738
90739
90740
90741
90742
90743
90745
90746
90747
90748
90749
90750
90751
90752
90753
90754
90755
90756
90757
90758
90759
90760
90761
90762
90763
90764
90766
90767
90768
90769
90770
90771
90772
90773
90774
90775
90776
90777
90778
90779
90780
90781
90782
90783
90784
90785
90787
90788
90789
90790
90791
90792
90793
90794
90795
90796
90797
90798
90799
90800
90801
90802
90803
90804
90805
90806
90808
90809
90810
90811
90812
90813
90814
90815
90816
90817
90818
90819
90820
90821
90822
90823
90824
90825
90826
90827
90744
90765
90786
90807
90828
90849
90870
90891
90912
90933
90829
90830
90831
90832
90833
90834
90835
90836
90837
90838
90839
90840
90841
90842
90843
90844
90845
90846
90847
90848
90850
90851
90852
90853
90854
90855
90856
90857
90858
90859
90860
90861
90862
90863
90864
90865
90866
90867
90868
90869
90871
90872
90873
90874
90875
90876
90877
90878
90879
90880
90881
90882
90883
90884
90885
90886
90887
90888
90889
90890
90892
90893
90894
90895
90896
90897
90898
90899
90900
90901
90902
90903
90904
90905
90906
90907
90908
90909
90910
90911
90913
90914
90915
90916
90917
90918
90919
90920
90921
90922
90923
90924
90925
90926
90927
90928
90929
90930
90931
90932
90684
90685
90686
90687
90688
90689
90690
90691
90692
90693
90694
90695
90696
90697
90698
90699
90700
90702
90703
90704
90705
90706
90707
90708
90709
90710
90711
90712
90713
90714
90715
90716
90717
90718
90719
90720
90721
90722
90723
90481
90482
90484
90485
90486
90488
90489
90497
90500
90520
90522
90530
90543
90544
90547
90548
90554
90566
90567
90568
90569
90570
90571
90572
90573
90574
90575
90577
90557
90578
90599
90620
90641
90662
90683
90579
90580
90581
90582
90583
90584
90585
90586
90587
90588
90589
90590
90591
90592
90593
90594
90595
90596
90597
90598
90600
90601
90602
90603
90604
90605
90606
90607
90608
90609
90610
90611
90612
90613
90614
90615
90616
90617
90618
90619
90621
90622
90623
90624
90625
90626
90627
90628
90629
90630
90631
90632
90633
90634
90635
90636
90637
90638
90639
90640
90642
90643
90644
90645
90647
90648
90649
90650
90651
90652
90653
90654
90655
90656
90657
90658
90659
90660
90661
90663
90664
90665
90666
90667
90668
90669
90670
90671
90672
90673
90674
90675
90676
90677
90678
90679
90680
90681
90682